400s status message

26518 <<< A5 22 40 16 00 7D 01 B0 40 00 07 01 01 01 00 02 02 64 01 00 01 FF FF 00 00 00 00 02
26527 >>> A5 12 40 04 00 13 01 B0 40 00

Lots of FF FF for PM 2.5. cable loose???

startup 

109056 <<< FF 7F FB E7 65 01 08 00 00 00 00 00 00 00
109058 >>> ED 05 00 00 00
110219 >>> A5 22 01 05 00 AA 01 E2 A5 00 00
110228 <<< A5 52 01 04 00 7A 01 E2 A5 01
110249 >>> A5 22 02 04 00 40 01 B1 40 00
110329 <<< A5 12 02 16 00 32 01 B1 40 00 07 01 01 00 00 01 02 00 01 00 01 FF FF 00 00 00 00 00
110349 >>> A5 22 03 0A 00 76 01 29 A1 00 00 F4 01 F4 01 00
110428 <<< A5 12 03 04 00 76 01 29 A1 00
110449 >>> A5 22 04 0A 00 75 01 29 A1 00 00 F4 01 F4 01 00
110527 <<< A5 12 04 04 00 75 01 29 A1 00
110629 <<< A5 22 01 16 00 24 01 B0 40 00 07 01 01 00 00 01 02 00 01 00 01 FF FF 00 00 00 00 00
110649 >>> A5 12 01 04 00 52 01 B0 40 00
115195 >>> A5 22 05 0A 00 63 01 29 A1 00 01 7D 00 7D 00 00
115218 <<< A5 12 05 04 00 74 01 29 A1 00
115319 <<< A5 22 02 16 00 1C 01 B0 40 00 07 01 01 00 00 01 02 00 01 00 01 05 00 00 00 00 00 00
115329 >>> A5 12 02 04 00 51 01 B0 40 00
115909 >>> A5 22 06 04 00 3C 01 B1 40 00
115918 <<< A5 12 06 16 00 27 01 B1 40 00 07 01 01 00 00 01 02 00 01 00 01 05 00 00 00 00 00 00






power on

209633 >>> A5 22 07 05 00 8A 01 00 A0 00 01
209722 <<< A5 12 07 04 00 9C 01 00 A0 00
209824 <<< A5 22 04 16 00 B8 01 B0 40 00 07 01 01 01 00 02 02 64 01 00 01 01 00 00 00 00 00 00
209844 >>> A5 12 04 04 00 4F 01 B0 40 00
210127 <<< A5 22 05 16 00 B3 01 B0 40 00 07 01 01 01 00 02 02 64 01 00 01 05 00 00 00 00 00 00
210141 >>> A5 12 05 04 00 4E 01 B0 40 00

fan manual 1 to 4

281063 >>> A5 12 12 04 00 41 01 B0 40 00
285083 >>> A5 22 08 07 00 24 01 60 A2 00 00 01 01
285140 <<< A5 12 08 04 00 39 01 60 A2 00
285241 <<< A5 22 13 16 00 AC 01 B0 40 00 07 01 01 01 00 01 01 64 01 00 01 FF FF 00 00 00 00 02
285252 >>> A5 12 13 04 00 40 01 B0 40 00
290332 <<< A5 22 14 16 00 AB 01 B0 40 00 07 01 01 01 00 01 01 64 01 00 01 FF FF 00 00 00 00 02
290343 >>> A5 12 14 04 00 3F 01 B0 40 00
291744 >>> A5 22 09 07 00 22 01 60 A2 00 00 01 02
291827 <<< A5 12 09 04 00 38 01 60 A2 00
291928 <<< A5 22 15 16 00 A8 01 B0 40 00 07 01 01 01 00 02 02 64 01 00 01 FF FF 00 00 00 00 02
291944 >>> A5 12 15 04 00 3E 01 B0 40 00
293886 >>> A5 22 0A 07 00 20 01 60 A2 00 00 01 03
293926 <<< A5 12 0A 04 00 37 01 60 A2 00
294027 <<< A5 22 16 16 00 A5 01 B0 40 00 07 01 01 01 00 03 03 64 01 00 01 FF FF 00 00 00 00 02
294043 >>> A5 12 16 04 00 3D 01 B0 40 00
295626 >>> A5 22 0B 07 00 1E 01 60 A2 00 00 01 04
295726 <<< A5 12 0B 04 00 36 01 60 A2 00
295827 <<< A5 22 17 16 00 A2 01 B0 40 00 07 01 01 01 00 04 04 64 01 00 01 FF FF 00 00 00 00 02
295843 >>> A5 12 17 04 00 3C 01 B0 40 00




skleep mode

347825 >>> A5 12 23 04 00 30 01 B0 40 00
351332 >>> A5 22 0E 05 00 9E 01 E0 A5 00 01
351398 <<< A5 12 0E 04 00 B0 01 E0 A5 00
351500 <<< A5 22 24 16 00 97 01 B0 40 00 07 01 01 01 01 00 04 64 01 00 01 01 00 00 00 00 00 00
351515 >>> A5 12 24 04 00 2F 01 B0 40 00
354397 <<< A5 22 25 16 00 FA 01 B0 40 00 07 01 01 01 01 00 04 00 01 00 01 01 00 00 00 00 00 00
354415 >>> A5 12 25 04 00 2E 01 B0 40 00


auto mode default 

423984 >>> A5 12 29 04 00 2A 01 B0 40 00
425997 >>> A5 22 12 05 00 99 01 E0 A5 00 02
426062 <<< A5 12 12 04 00 AC 01 E0 A5 00
426163 <<< A5 22 2A 16 00 92 01 B0 40 00 07 01 01 01 02 01 01 64 01 00 01 01 00 00 00 00 00 00
426186 >>> A5 12 2A 04 00 29 01 B0 40 00
426666 <<< A5 22 2B 16 00 92 01 B0 40 00 07 01 01 01 02 00 01 64 01 00 01 01 00 00 00 00 00 00
426679 >>> A5 12 2B 04 00 28 01 B0 40 00
427464 <<< A5 22 2C 16 00 92 01 B0 40 00 07 01 01 01 02 00 01 64 01 00 01 FF FF 00 00 00 00 02
427477 >>> A5 12 2C 04 00 27 01 B0 40 00


auto default quiet efficent

478320 >>> A5 22 16 07 00 8F 01 E6 A5 00 00 00 00
478358 <<< A5 12 16 04 00 A2 01 E6 A5 00
478458 <<< A5 22 3A 16 00 84 01 B0 40 00 07 01 01 01 02 00 01 64 01 00 01 FF FF 00 00 00 00 02
478478 >>> A5 12 3A 04 00 19 01 B0 40 00
483546 <<< A5 22 3B 16 00 83 01 B0 40 00 07 01 01 01 02 00 01 64 01 00 01 FF FF 00 00 00 00 02
483558 >>> A5 12 3B 04 00 18 01 B0 40 00
488634 <<< A5 22 3C 16 00 82 01 B0 40 00 07 01 01 01 02 00 01 64 01 00 01 FF FF 00 00 00 00 02
488638 >>> A5 12 3C 04 00 17 01 B0 40 00
488664 >>> A5 22 17 07 00 8D 01 E6 A5 00 01 00 00
488837 <<< A5 12 17 04 00 A1 01 E6 A5 00
488937 <<< A5 22 3D 16 00 80 01 B0 40 00 07 01 01 01 02 00 01 64 01 00 01 FF FF 00 01 00 00 02
488960 >>> A5 12 3D 04 00 16 01 B0 40 00
490713 >>> A5 22 18 07 00 CE 01 E6 A5 00 02 BD 00
490736 <<< A5 12 18 04 00 A0 01 E6 A5 00
490837 <<< A5 22 3E 16 00 C1 01 B0 40 00 07 01 01 01 02 00 01 64 01 00 01 FF FF 00 02 BD 00 02
490848 >>> A5 12 3E 04 00 15 01 B0 40 00
491535 <<< A5 22 3F 16 00 BC 01 B0 40 00 07 01 01 01 02 04 01 64 01 00 01 FF FF 00 02 BD 00 02
491549 >>> A5 12 3F 04 00 14 01 B0 40 00
492249 >>> A5 22 19 07 00 8C 01 E6 A5 00 00 00 00
492337 <<< A5 12 19 04 00 9F 01 E6 A5 00
492537 <<< A5 22 40 16 00 7E 01 B0 40 00 07 01 01 01 02 00 01 64 01 00 01 FF FF 00 00 00 00 02
492553 >>> A5 12 40 04 00 13 01 B0 40 00
494193 >>> A5 22 1A 07 00 8A 01 E6 A5 00 01 00 00
494237 <<< A5 12 1A 04 00 9E 01 E6 A5 00
494337 <<< A5 22 41 16 00 7C 01 B0 40 00 07 01 01 01 02 00 01 64 01 00 01 FF FF 00 01 00 00 02
494348 >>> A5 12 41 04 00 12 01 B0 40 00
496039 >>> A5 22 1B 07 00 CB 01 E6 A5 00 02 BD 00
496136 <<< A5 12 1B 04 00 9D 01 E6 A5 00
496237 <<< A5 22 42 16 00 BD 01 B0 40 00 07 01 01 01 02 00 01 64 01 00 01 FF FF 00 02 BD 00 02
496242 >>> A5 12 42 04 00 11 01 B0 40 00
496536 <<< A5 22 43 16 00 B8 01 B0 40 00 07 01 01 01 02 04 01 64 01 00 01 FF FF 00 02 BD 00 02
496552 >>> A5 12 43 04 00 10 01 B0 40 00

efficent size

1050   870   711  561   394   237   111  100

535158 >>> A5 22 1C 07 00 BF 01 E6 A5 00 02 C1 07
535244 <<< A5 12 1C 04 00 9C 01 E6 A5 00
535345 <<< A5 22 4B 16 00 A5 01 B0 40 00 07 01 01 01 02 04 01 64 01 00 01 FF FF 00 02 C1 07 02
535351 >>> A5 12 4B 04 00 08 01 B0 40 00
540432 <<< A5 22 4C 16 00 A4 01 B0 40 00 07 01 01 01 02 04 01 64 01 00 01 FF FF 00 02 C1 07 02
540451 >>> A5 12 4C 04 00 07 01 B0 40 00
545519 <<< A5 22 4D 16 00 A3 01 B0 40 00 07 01 01 01 02 04 01 64 01 00 01 FF FF 00 02 C1 07 02
545530 >>> A5 12 4D 04 00 06 01 B0 40 00
550606 <<< A5 22 4E 16 00 A2 01 B0 40 00 07 01 01 01 02 04 01 64 01 00 01 FF FF 00 02 C1 07 02
550611 >>> A5 12 4E 04 00 05 01 B0 40 00
551030 >>> A5 22 1D 07 00 14 01 E6 A5 00 02 6C 06
551108 <<< A5 12 1D 04 00 9B 01 E6 A5 00
551209 <<< A5 22 4F 16 00 F7 01 B0 40 00 07 01 01 01 02 04 01 64 01 00 01 FF FF 00 02 6C 06 02
551230 >>> A5 12 4F 04 00 04 01 B0 40 00
556251 >>> A5 22 1E 07 00 40 01 E6 A5 00 02 40 05
556299 <<< A5 12 1E 04 00 9A 01 E6 A5 00
556399 <<< A5 22 50 16 00 23 01 B0 40 00 07 01 01 01 02 04 01 64 01 00 01 FF FF 00 02 40 05 02
556410 >>> A5 12 50 04 00 03 01 B0 40 00
560141 >>> A5 22 1F 07 00 5C 01 E6 A5 00 02 24 04
560194 <<< A5 12 1F 04 00 99 01 E6 A5 00
560295 <<< A5 22 51 16 00 3F 01 B0 40 00 07 01 01 01 02 04 01 64 01 00 01 FF FF 00 02 24 04 02
560300 >>> A5 12 51 04 00 02 01 B0 40 00
564240 >>> A5 22 20 07 00 98 01 E6 A5 00 02 E9 02
564287 <<< A5 12 20 04 00 98 01 E6 A5 00
564388 <<< A5 22 52 16 00 7B 01 B0 40 00 07 01 01 01 02 04 01 64 01 00 01 FF FF 00 02 E9 02 02
564400 >>> A5 12 52 04 00 01 01 B0 40 00
568845 >>> A5 22 21 07 00 C1 01 E6 A5 00 02 C0 01
568880 <<< A5 12 21 04 00 97 01 E6 A5 00
568980 <<< A5 22 53 16 00 A4 01 B0 40 00 07 01 01 01 02 04 01 64 01 00 01 FF FF 00 02 C0 01 02
569000 >>> A5 12 53 04 00 00 01 B0 40 00
572947 >>> A5 22 22 07 00 AF 01 E6 A5 00 02 D2 00
572973 <<< A5 12 22 04 00 96 01 E6 A5 00
573074 <<< A5 22 54 16 00 92 01 B0 40 00 07 01 01 01 02 04 01 64 01 00 01 FF FF 00 02 D2 00 02
573080 >>> A5 12 54 04 00 FF 01 B0 40 00
578160 <<< A5 22 55 16 00 91 01 B0 40 00 07 01 01 01 02 04 01 64 01 00 01 FF FF 00 02 D2 00 02
578180 >>> A5 12 55 04 00 FE 01 B0 40 00
579501 >>> A5 22 23 07 00 C3 01 E6 A5 00 02 BD 00
579559 <<< A5 12 23 04 00 95 01 E6 A5 00
579660 <<< A5 22 56 16 00 A5 01 B0 40 00 07 01 01 01 02 04 01 64 01 00 01 FF FF 00 02 BD 00 02
579681 >>> A5 12 56 04 00 FD 01 B0 40 00
584747 <<< A5 22 57 16 00 A4 01 B0 40 00 07 01 01 01 02 04 01 64 01 00 01 FF FF 00 02 BD 00 02
584761 >>> A5 12 57 04 00 FC 01 B0 40 00







display lock toggled

618481 >>> A5 12 5F 04 00 F4 01 B0 40 00
623556 <<< A5 22 60 16 00 5E 01 B0 40 00 07 01 01 01 02 00 01 64 01 00 01 FF FF 00 00 00 00 02
623563 >>> A5 12 60 04 00 F3 01 B0 40 00
623726 >>> A5 22 25 05 00 3B 01 00 D1 00 01
623754 <<< A5 12 25 04 00 4D 01 00 D1 00
623855 <<< A5 22 61 16 00 5C 01 B0 40 00 07 01 01 01 02 00 01 64 01 00 01 FF FF 01 00 00 00 02
623876 >>> A5 12 61 04 00 F2 01 B0 40 00
627212 >>> A5 22 26 05 00 3B 01 00 D1 00 00
627245 <<< A5 12 26 04 00 4C 01 00 D1 00
627346 <<< A5 22 62 16 00 5C 01 B0 40 00 07 01 01 01 02 00 01 64 01 00 01 FF FF 00 00 00 00 02
627362 >>> A5 12 62 04 00 F1 01 B0 40 00
629062 >>> A5 22 27 05 00 39 01 00 D1 00 01
629140 <<< A5 12 27 04 00 4B 01 00 D1 00
629241 <<< A5 22 63 16 00 5A 01 B0 40 00 07 01 01 01 02 00 01 64 01 00 01 FF FF 01 00 00 00 02
629262 >>> A5 12 63 04 00 F0 01 B0 40 00
632542 >>> A5 22 28 05 00 39 01 00 D1 00 00
632631 <<< A5 12 28 04 00 4A 01 00 D1 00
632733 <<< A5 22 64 16 00 5A 01 B0 40 00 07 01 01 01 02 00 01 64 01 00 01 FF FF 00 00 00 00 02
632750 >>> A5 12 64 04 00 EF 01 B0 40 00
635503 >>> A5 22 29 05 00 37 01 00 D1 00 01
635524 <<< A5 12 29 04 00 49 01 00 D1 00
635626 <<< A5 22 65 16 00 58 01 B0 40 00 07 01 01 01 02 00 01 64 01 00 01 FF FF 01 00 00 00 02
635645 >>> A5 12 65 04 00 EE 01 B0 40 00
638482 >>> A5 22 2A 05 00 37 01 00 D1 00 00
638517 <<< A5 12 2A 04 00 48 01 00 D1 00
638618 <<< A5 22 66 16 00 58 01 B0 40 00 07 01 01 01 02 00 01 64 01 00 01 FF FF 00 00 00 00 02
638635 >>> A5 12 66 04 00 ED 01 B0 40 00


display lights 

674225 <<< A5 22 6D 16 00 51 01 B0 40 00 07 01 01 01 02 00 01 64 01 00 01 FF FF 00 00 00 00 02
674243 >>> A5 12 6D 04 00 E6 01 B0 40 00
674724 >>> A5 22 2B 05 00 61 01 05 A1 00 00
674823 <<< A5 12 2B 04 00 72 01 05 A1 00
674924 <<< A5 22 6E 16 00 B5 01 B0 40 00 07 01 01 01 02 00 01 00 00 00 01 FF FF 00 00 00 00 02
674943 >>> A5 12 6E 04 00 E5 01 B0 40 00
679844 >>> A5 22 2C 05 00 FC 01 05 A1 00 64
679911 <<< A5 12 2C 04 00 71 01 05 A1 00
680012 <<< A5 22 6F 16 00 4F 01 B0 40 00 07 01 01 01 02 00 01 64 01 00 01 FF FF 00 00 00 00 02
680028 >>> A5 12 6F 04 00 E4 01 B0 40 00
684145 >>> A5 22 2D 05 00 5F 01 05 A1 00 00
684204 <<< A5 12 2D 04 00 70 01 05 A1 00
684305 <<< A5 22 70 16 00 B3 01 B0 40 00 07 01 01 01 02 00 01 00 00 00 01 FF FF 00 00 00 00 02
684323 >>> A5 12 70 04 00 E3 01 B0 40 00
685783 >>> A5 22 2E 05 00 FA 01 05 A1 00 64
685800 <<< A5 12 2E 04 00 6F 01 05 A1 00
685901 <<< A5 22 71 16 00 4D 01 B0 40 00 07 01 01 01 02 00 01 64 01 00 01 FF FF 00 00 00 00 02
685920 >>> A5 12 71 04 00 E2 01 B0 40 00
687215 >>> A5 22 2F 05 00 5D 01 05 A1 00 00
687300 <<< A5 12 2F 04 00 6E 01 05 A1 00
687401 <<< A5 22 72 16 00 B1 01 B0 40 00 07 01 01 01 02 00 01 00 00 00 01 FF FF 00 00 00 00 02
687428 >>> A5 12 72 04 00 E1 01 B0 40 00
688649 >>> A5 22 30 05 00 F8 01 05 A1 00 64
688697 <<< A5 12 30 04 00 6D 01 05 A1 00
688797 <<< A5 22 73 16 00 4B 01 B0 40 00 07 01 01 01 02 00 01 64 01 00 01 FF FF 00 00 00 00 02
688813 >>> A5 12 73 04 00 E0 01 B0 40 00
690290 >>> A5 22 31 05 00 5B 01 05 A1 00 00
690297 <<< A5 12 31 04 00 6C 01 05 A1 00
690398 <<< A5 22 74 16 00 AF 01 B0 40 00 07 01 01 01 02 00 01 00 00 00 01 FF FF 00 00 00 00 02
690416 >>> A5 12 74 04 00 DF 01 B0 40 00
691933 >>> A5 22 32 05 00 F6 01 05 A1 00 64
691992 <<< A5 12 32 04 00 6B 01 05 A1 00
692093 <<< A5 22 75 16 00 49 01 B0 40 00 07 01 01 01 02 00 01 64 01 00 01 FF FF 00 00 00 00 02
692113 >>> A5 12 75 04 00 DE 01 B0 40 00




filter reset

763337 >>> A5 12 83 04 00 D0 01 B0 40 00
768402 <<< A5 22 84 16 00 3A 01 B0 40 00 07 01 01 01 02 00 01 64 01 00 01 FF FF 00 00 00 00 02
768415 >>> A5 12 84 04 00 CF 01 B0 40 00
773489 <<< A5 22 85 16 00 39 01 B0 40 00 07 01 01 01 02 00 01 64 01 00 01 FF FF 00 00 00 00 02
773495 >>> A5 12 85 04 00 CE 01 B0 40 00
777044 >>> A5 22 33 05 00 76 01 E4 A5 00 00
777083 <<< A5 12 33 04 00 87 01 E4 A5 00
777184 <<< A5 22 86 16 00 38 01 B0 40 00 07 01 01 01 02 00 01 64 01 00 01 FF FF 00 00 00 00 02
777195 >>> A5 12 86 04 00 CD 01 B0 40 00
782271 <<< A5 22 87 16 00 37 01 B0 40 00 07 01 01 01 02 00 01 64 01 00 01 FF FF 00 00 00 00 02
782276 >>> A5 12 87 04 00 CC 01 B0 40 00
787357 <<< A5 22 88 16 00 36 01 B0 40 00 07 01 01 01 02 00 01 64 01 00 01 FF FF 00 00 00 00 02
787366 >>> A5 12 88 04 00 CB 01 B0 40 00





unit buttons

836847 >>> A5 12 92 04 00 C1 01 B0 40 00
837828 <<< A5 22 93 16 00 2B 01 B0 40 00 07 01 01 01 02 00 01 64 01 00 01 FF FF 00 00 00 00 02
837851 >>> A5 12 93 04 00 C0 01 B0 40 00
838825 <<< A5 22 94 16 00 8F 01 B0 40 00 07 01 01 01 02 00 01 00 00 00 01 FF FF 00 00 00 00 02
838847 >>> A5 12 94 04 00 BF 01 B0 40 00
840621 <<< A5 22 95 16 00 29 01 B0 40 00 07 01 01 01 02 00 01 64 01 00 01 FF FF 00 00 00 00 02
840641 >>> A5 12 95 04 00 BE 01 B0 40 00
845713 <<< A5 22 96 16 00 28 01 B0 40 00 07 01 01 01 02 00 01 64 01 00 01 FF FF 00 00 00 00 02
845718 >>> A5 12 96 04 00 BD 01 B0 40 00
850801 <<< A5 22 97 16 00 27 01 B0 40 00 07 01 01 01 02 00 01 64 01 00 01 FF FF 00 00 00 00 02
850817 >>> A5 12 97 04 00 BC 01 B0 40 00
853993 <<< A5 22 98 16 00 8B 01 B0 40 00 07 01 01 00 02 00 01 00 01 00 01 FF FF 00 00 00 00 02
854010 >>> A5 12 98 04 00 BB 01 B0 40 00
854995 <<< A5 22 99 16 00 24 01 B0 40 00 07 01 01 01 02 00 01 64 01 00 01 01 00 00 00 00 00 00
855012 >>> A5 12 99 04 00 BA 01 B0 40 00
855697 <<< A5 22 9A 16 00 1F 01 B0 40 00 07 01 01 01 02 00 01 64 01 00 01 05 00 00 00 00 00 00
855708 >>> A5 12 9A 04 00 B9 01 B0 40 00
855997 <<< A5 22 9B 16 00 1F 01 B0 40 00 07 01 01 01 01 00 01 64 01 00 01 05 00 00 00 00 00 00
856016 >>> A5 12 9B 04 00 B8 01 B0 40 00
856898 <<< A5 22 9C 16 00 1E 01 B0 40 00 07 01 01 01 00 01 01 64 01 00 01 05 00 00 00 00 00 00
856919 >>> A5 12 9C 04 00 B7 01 B0 40 00
857601 <<< A5 22 9D 16 00 1B 01 B0 40 00 07 01 01 01 00 02 02 64 01 00 01 05 00 00 00 00 00 00
857619 >>> A5 12 9D 04 00 B6 01 B0 40 00
858104 <<< A5 22 9E 16 00 18 01 B0 40 00 07 01 01 01 00 03 03 64 01 00 01 05 00 00 00 00 00 00
858120 >>> A5 12 9E 04 00 B5 01 B0 40 00
858811 <<< A5 22 9F 16 00 15 01 B0 40 00 07 01 01 01 00 04 04 64 01 00 01 05 00 00 00 00 00 00
858823 >>> A5 12 9F 04 00 B4 01 B0 40 00
859708 <<< A5 22 A0 16 00 1A 01 B0 40 00 07 01 01 01 00 01 01 64 01 00 01 05 00 00 00 00 00 00
859719 >>> A5 12 A0 04 00 B3 01 B0 40 00
860714 <<< A5 22 A1 16 00 18 01 B0 40 00 07 01 01 01 02 00 01 64 01 00 01 05 00 00 00 00 00 00
860733 >>> A5 12 A1 04 00 B2 01 B0 40 00
862110 <<< A5 22 A2 16 00 7C 01 B0 40 00 07 01 01 01 02 00 01 00 00 00 01 05 00 00 00 00 00 00
862131 >>> A5 12 A2 04 00 B1 01 B0 40 00
863108 <<< A5 22 A3 16 00 16 01 B0 40 00 07 01 01 01 02 00 01 64 01 00 01 05 00 00 00 00 00 00
863133 >>> A5 12 A3 04 00 B0 01 B0 40 00
868398 <<< A5 22 A4 16 00 7A 01 B0 40 00 07 01 01 00 02 00 01 00 01 00 01 05 00 00 00 00 00 00
868417 >>> A5 12 A4 04 00 AF 01 B0 40 00




power toggle by app

927662 <<< A5 22 AD 16 00 0C 01 B0 40 00 07 01 01 01 02 00 01 64 01 00 01 05 00 00 00 00 00 00
927680 >>> A5 12 AD 04 00 A6 01 B0 40 00
931962 >>> A5 22 36 05 00 5C 01 00 A0 00 00
932054 <<< A5 12 36 04 00 6D 01 00 A0 00
932155 <<< A5 22 AE 16 00 70 01 B0 40 00 07 01 01 00 02 00 01 00 01 00 01 05 00 00 00 00 00 00
932175 >>> A5 12 AE 04 00 A5 01 B0 40 00
935134 >>> A5 22 37 05 00 5A 01 00 A0 00 01
935151 <<< A5 12 37 04 00 6C 01 00 A0 00
935252 <<< A5 22 AF 16 00 0A 01 B0 40 00 07 01 01 01 02 00 01 64 01 00 01 05 00 00 00 00 00 00
935271 >>> A5 12 AF 04 00 A4 01 B0 40 00
936990 >>> A5 22 38 05 00 5A 01 00 A0 00 00
937050 <<< A5 12 38 04 00 6B 01 00 A0 00
937151 <<< A5 22 B0 16 00 6E 01 B0 40 00 07 01 01 00 02 00 01 00 01 00 01 05 00 00 00 00 00 00
937177 >>> A5 12 B0 04 00 A3 01 B0 40 00
938930 >>> A5 22 39 05 00 58 01 00 A0 00 01
938949 <<< A5 12 39 04 00 6A 01 00 A0 00
939051 <<< A5 22 B1 16 00 08 01 B0 40 00 07 01 01 01 02 00 01 64 01 00 01 05 00 00 00 00 00 00
939071 >>> A5 12 B1 04 00 A2 01 B0 40 00


a few more power cycles

969680 >>> A5 12 B6 04 00 9D 01 B0 40 00
981122 >>> 7F 00 00 00 00 00 00 FF
981124 <<< 5F 53 04 42 06 00 00 00 00 00 00
982275 >>> A5 22 01 05 00 AA 01 E2 A5 00 00
982294 <<< A5 52 01 04 00 7A 01 E2 A5 01
982310 >>> A5 22 02 04 00 40 01 B1 40 00
982396 <<< A5 12 02 16 00 31 01 B1 40 00 07 01 01 00 02 01 01 00 01 00 01 FF FF 00 00 00 00 00
982406 >>> A5 22 03 0A 00 76 01 29 A1 00 00 F4 01 F4 01 00
982494 <<< A5 12 03 04 00 76 01 29 A1 00
982506 >>> A5 22 04 0A 00 75 01 29 A1 00 00 F4 01 F4 01 00
982594 <<< A5 12 04 04 00 75 01 29 A1 00
982695 <<< A5 22 01 16 00 23 01 B0 40 00 07 01 01 00 02 01 01 00 01 00 01 FF FF 00 00 00 00 00
982715 >>> A5 12 01 04 00 52 01 B0 40 00
986967 >>> A5 22 05 04 00 3D 01 B1 40 00
986986 <<< A5 12 05 16 00 2E 01 B1 40 00 07 01 01 00 02 01 01 00 01 00 01 FF FF 00 00 00 00 00
987006 >>> A5 22 06 0A 00 62 01 29 A1 00 01 7D 00 7D 00 00
987085 <<< A5 12 06 04 00 73 01 29 A1 00
987186 <<< A5 22 02 16 00 23 01 B0 40 00 07 01 01 00 02 01 01 00 01 00 01 FE FF 00 00 00 00 00
987206 >>> A5 12 02 04 00 51 01 B0 40 00
987386 <<< A5 22 03 16 00 1A 01 B0 40 00 07 01 01 00 02 01 01 00 01 00 01 05 00 00 00 00 00 00
987405 >>> A5 12 03 04 00 50 01 B0 40 00
1006200 >>> BF AF AF AF AF AD AD AD AD AD A9 A5 A5 A5 A5 A5 85 85 50 10 04 00 00 00 00
1006204 <<< F7 FF EF 02 05 00 00 42 00 00 20 00 00 00
1007378 >>> A5 22 01 05 00 AA 01 E2 A5 00 00
1007472 <<< A5 52 01 04 00 7A 01 E2 A5 01
1007492 >>> A5 22 02 04 00 40 01 B1 40 00
1007576 <<< A5 12 02 16 00 31 01 B1 40 00 07 01 01 00 02 01 01 00 01 00 01 FF FF 00 00 00 00 00 A5 22 01 16 00 23 01 B0 40 00 07 01 01 00 02 01 01 00 01 00 01 FF FF 00 00 00 00 00
1007593 >>> A5 22 03 0A 00 76 01 29 A1 00 00 F4 01 F4 01 00
1007672 <<< A5 12 03 04 00 76 01 29 A1 00
1007693 >>> A5 22 04 0A 00 75 01 29 A1 00 00 F4 01 F4 01 00
1007771 <<< A5 12 04 04 00 75 01 29 A1 00
1007793 >>> A5 12 01 04 00 52 01 B0 40 00
1007873 <<< A5 22 02 16 00 22 01 B0 40 00 07 01 01 00 02 01 01 00 01 00 01 FF FF 00 00 00 00 00
1007893 >>> A5 12 02 04 00 51 01 B0 40 00
1012051 >>> A5 22 05 04 00 3D 01 B1 40 00
1012066 <<< A5 12 05 16 00 2E 01 B1 40 00 07 01 01 00 02 01 01 00 01 00 01 FF FF 00 00 00 00 00
1012073 >>> A5 22 06 0A 00 62 01 29 A1 00 01 7D 00 7D 00 00
1012164 <<< A5 12 06 04 00 73 01 29 A1 00
1012265 <<< A5 22 03 16 00 22 01 B0 40 00 07 01 01 00 02 01 01 00 01 00 01 FE FF 00 00 00 00 00
1012283 >>> A5 12 03 04 00 50 01 B0 40 00
1012465 <<< A5 22 04 16 00 19 01 B0 40 00 07 01 01 00 02 01 01 00 01 00 01 05 00 00 00 00 00 00
1012483 >>> A5 12 04 04 00 4F 01 B0 40 00
1038166 >>> FF AF AD AD AD AD AD AD AD AD A5 A5 A5 A5 A5 A5 85 50 10 10 00 00 00
1038170 <<< FD CB 36 01 00 48 00 00 00 00 00
1039319 >>> A5 22 01 05 00 AA 01 E2 A5 00 00
1039338 <<< A5 52 01 04 00 7A 01 E2 A5 01
1039347 >>> A5 22 02 04 00 40 01 B1 40 00
1039439 <<< A5 12 02 16 00 31 01 B1 40 00 07 01 01 00 02 01 01 00 01 00 01 FF FF 00 00 00 00 00
1039459 >>> A5 22 03 0A 00 76 01 29 A1 00 00 F4 01 F4 01 00
1039538 <<< A5 12 03 04 00 76 01 29 A1 00
1039559 >>> A5 22 04 0A 00 75 01 29 A1 00 00 F4 01 F4 01 00
1039638 <<< A5 12 04 04 00 75 01 29 A1 00
1039739 <<< A5 22 01 16 00 23 01 B0 40 00 07 01 01 00 02 01 01 00 01 00 01 FF FF 00 00 00 00 00
1039758 >>> A5 12 01 04 00 52 01 B0 40 00
1044019 >>> A5 22 05 04 00 3D 01 B1 40 00
1044031 <<< A5 12 05 16 00 2E 01 B1 40 00 07 01 01 00 02 01 01 00 01 00 01 FF FF 00 00 00 00 00
1044039 >>> A5 22 06 0A 00 62 01 29 A1 00 01 7D 00 7D 00 00
1044129 <<< A5 12 06 04 00 73 01 29 A1 00
1044230 <<< A5 22 02 16 00 23 01 B0 40 00 07 01 01 00 02 01 01 00 01 00 01 FE FF 00 00 00 00 00
1044249 >>> A5 12 02 04 00 51 01 B0 40 00
1044430 <<< A5 22 03 16 00 1A 01 B0 40 00 07 01 01 00 02 01 01 00 01 00 01 05 00 00 00 00 00 00
1044448 >>> A5 12 03 04 00 50 01 B0 40 00





timer 2 hours off

1044448 >>> A5 12 03 04 00 50 01 B0 40 00
1097445 >>> A5 22 07 05 00 8A 01 00 A0 00 01
1097527 <<< A5 12 07 04 00 9C 01 00 A0 00
1097628 <<< A5 22 04 16 00 B4 01 B0 40 00 07 01 01 01 02 01 01 64 01 00 01 05 00 00 00 00 00 00
1097652 >>> A5 12 04 04 00 4F 01 B0 40 00
1098331 <<< A5 22 05 16 00 B4 01 B0 40 00 07 01 01 01 02 00 01 64 01 00 01 05 00 00 00 00 00 00
1098352 >>> A5 12 05 04 00 4E 01 B0 40 00
1099595 >>> A5 22 08 04 00 24 01 65 A2 00
1099627 <<< A5 12 08 0C 00 2C 01 65 A2 00 00 00 00 00 00 00 00 00
1112499 <<< A5 22 06 16 00 B8 01 B0 40 00 07 01 01 01 02 00 01 64 01 00 01 FF FF 00 00 00 00 02
1112510 >>> A5 12 06 04 00 4D 01 B0 40 00
1113297 <<< A5 22 07 16 00 B7 01 B0 40 00 07 01 01 01 02 00 01 64 01 00 01 FF FF 00 00 00 00 02
1113310 >>> A5 12 07 04 00 4C 01 B0 40 00
1114451 >>> A5 22 09 08 00 E4 01 64 A2 00 20 1C 00 00
1114493 <<< A5 12 09 04 00 34 01 64 A2 00
1118386 <<< A5 22 08 16 00 B6 01 B0 40 00 07 01 01 01 02 00 01 64 01 00 01 FF FF 00 00 00 00 02
1118391 >>> A5 12 08 04 00 4B 01 B0 40 00
1119498 <<< A5 22 09 0C 00 AC 01 66 A2 00 1B 1C 00 00 1B 1C 00 00
1119511 >>> A5 12 09 04 00 32 01 66 A2 00
1123479 <<< A5 22 0A 16 00 B4 01 B0 40 00 07 01 01 01 02 00 01 64 01 00 01 FF FF 00 00 00 00 02
1123492 >>> A5 12 0A 04 00 49 01 B0 40 00

timer sdtop

1159521 >>> A5 22 0E 04 00 1E 01 65 A2 00
1159594 <<< A5 12 0E 0C 00 E1 01 65 A2 00 F3 1B 00 00 1B 1C 00 00
1161462 >>> A5 22 0F 08 00 1A 01 64 A2 00 00 00 00 00
1161490 <<< A5 12 0F 04 00 2E 01 64 A2 00
1164185 <<< A5 22 12 16 00 AC 01 B0 40 00 07 01 01 01 02 00 01 64 01 00 01 FF FF 00 00 00 00 02
1164203 >>> A5 12 12 04 00 41 01 B0 40 00
1166494 <<< A5 22 13 0C 00 10 01 66 A2 00 00 00 00 00 00 00 00 00
1166502 >>> A5 12 13 04 00 28 01 66 A2 00
1169277 <<< A5 22 14 16 00 AA 01 B0 40 00 07 01 01 01 02 00 01 64 01 00 01 FF FF 00 00 00 00 02
1169282 >>> A5 12 14 04 00 3F 01 B0 40 00



timer 8 hours off


1204913 >>> A5 12 1D 04 00 36 01 B0 40 00
1209990 <<< A5 22 1E 16 00 A0 01 B0 40 00 07 01 01 01 02 00 01 64 01 00 01 FF FF 00 00 00 00 02
1209995 >>> A5 12 1E 04 00 35 01 B0 40 00
1215079 <<< A5 22 1F 16 00 9F 01 B0 40 00 07 01 01 01 02 00 01 64 01 00 01 FF FF 00 00 00 00 02
1215094 >>> A5 12 1F 04 00 34 01 B0 40 00
1217162 >>> A5 22 12 08 00 27 01 64 A2 00 80 70 00 00
1217172 <<< A5 12 12 04 00 2B 01 64 A2 00
1220167 <<< A5 22 20 16 00 9E 01 B0 40 00 07 01 01 01 02 00 01 64 01 00 01 FF FF 00 00 00 00 02
1220173 >>> A5 12 20 04 00 33 01 B0 40 00
1222176 <<< A5 22 21 0C 00 2C 01 66 A2 00 7B 70 00 00 7B 70 00 00
1222193 >>> A5 12 21 04 00 1A 01 66 A2 00



timer 2 hours via screen

1281235 >>> A5 12 2E 04 00 25 01 B0 40 00
1286306 <<< A5 22 2F 16 00 8F 01 B0 40 00 07 01 01 01 02 00 01 64 01 00 01 FF FF 00 00 00 00 02
1286315 >>> A5 12 2F 04 00 24 01 B0 40 00
1291393 <<< A5 22 30 16 00 8E 01 B0 40 00 07 01 01 01 02 00 01 64 01 00 01 FF FF 00 00 00 00 02
1291416 >>> A5 12 30 04 00 23 01 B0 40 00
1293093 <<< A5 22 31 0C 00 7A 01 66 A2 00 20 1C 00 00 20 1C 00 00
1293116 >>> A5 12 31 04 00 0A 01 66 A2 00
1296484 <<< A5 22 32 16 00 8C 01 B0 40 00 07 01 01 01 02 00 01 64 01 00 01 FF FF 00 00 00 00 02
1296495 >>> A5 12 32 04 00 21 01 B0 40 00



wifi toggled

11515571 >>> A5 22 8E 0A 00 EB 01 29 A1 00 00 F4 01 F4 01 00
11515603 <<< A5 12 8E 04 00 EB 01 29 A1 00
11515610 >>> A5 22 8F 0A 00 EA 01 29 A1 00 00 F4 01 F4 01 00
11515703 <<< A5 12 8F 04 00 EA 01 29 A1 00
11515804 <<< A5 22 84 16 00 39 01 B0 40 00 07 01 01 01 00 02 02 64 01 00 01 FF FF 00 00 00 00 02
11515809 >>> A5 12 84 04 00 CF 01 B0 40 00
11516574 >>> A5 22 90 0A 00 E9 01 29 A1 00 00 F4 01 F4 01 00
11516600 <<< A5 12 90 04 00 E9 01 29 A1 00
11516702 <<< A5 22 85 16 00 38 01 B0 40 00 07 01 01 01 00 02 02 64 01 00 01 FF FF 00 00 00 00 02
11516709 >>> A5 12 85 04 00 CE 01 B0 40 00
11521787 <<< A5 22 86 16 00 37 01 B0 40 00 07 01 01 01 00 02 02 64 01 00 01 FF FF 00 00 00 00 02
11521792 >>> A5 12 86 04 00 CD 01 B0 40 00
11522040 >>> A5 22 91 0A 00 E8 01 29 A1 00 00 F4 01 F4 01 00
11522085 <<< A5 12 91 04 00 E8 01 29 A1 00
11522186 <<< A5 22 87 16 00 36 01 B0 40 00 07 01 01 01 00 02 02 64 01 00 01 FF FF 00 00 00 00 02
11522199 >>> A5 12 87 04 00 CC 01 B0 40 00

